38 17 1.4 2
60 29 11.9 5
4 82 15.6 2
42 76 18.2 5
66 56 3.1 4
9 38 14.2 2
88 53 4.4 5
16 44 19.8 2
77 87 6.7 3
95 75 13.0 1
21 85 1.4 5
0 58 2.7 1
6 87 12.6 4
42 21 6.9 1
17 97 11.8 5
13 28 1.4 1
69 73 6.5 1
25 7 10.7 3
48 94 18.0 5
81 26 13.8 4
24 36 15.4 4
5 6 10.2 3
91 42 11.3 1
94 15 19.2 4
13 84 18.8 1
87 47 9.2 4
2 8 13.3 4
100 33 7.7 2
99 80 2.2 3
71 100 17.9 5
28 19 5.3 3
19 16 7.2 2
67 60 8.3 2
57 31 19.1 2
32 30 5.2 1
89 55 1.6 2
77 44 8.7 2
39 61 2.1 1
100 100 2.3 4
64 84 7.6 3
33 41 19.5 2
87 6 4.6 2
30 28 5.9 2
10 3 10.0 4
23 54 5.3 5
54 13 15.0 5
6 48 12.7 4
80 41 15.4 3
26 70 14.3 4
73 3 13.5 4
43 31 6.7 4
38 69 4.4 3
0 35 1.3 2
11 20 18.7 1
48 46 4.1 4
31 8 6.4 2
97 59 6.0 4
12 24 2.9 2
58 86 3.4 5
56 88 2.1 3
99 49 17.3 3
30 100 12.2 2
44 66 9.9 1
18 26 4.6 4
15 45 8.9 2
91 18 13.4 4
62 73 1.5 5
27 64 3.6 1
35 71 11.4 2
74 92 6.3 4
63 36 18.1 3
94 2 13.5 1
56 62 8.8 5
49 20 6.9 3
60 74 5.5 3
41 87 9.0 2
85 67 14.8 3
1 98 11.3 3
22 23 1.3 4
47 55 7.7 2
46 65 10.8 1
19 90 14.9 1
55 93 5.5 2
76 52 11.9 2
100 87 4.2 2
75 9 2.7 3
65 50 15.3 2
88 66 8.4 4
97 11 6.3 4
78 8 3.3 3
6 10 1.3 2
25 48 18.7 3
50 4 10.7 2
40 94 3.9 1
20 31 8.2 5
3 33 15.6 5
98 97 4.7 3
14 93 1.3 5
96 61 7.0 3
92 46 4.0 2



